011100000
100110100
000010000
000011000
100110101
000010001
100110110
000010010
100111011
000010100
100111010
000010101
011100000
001100101
000000101
000010101
001100001
001001100
110111010
101000000
000010110
000010111
100110111
000011110
011100000
100111011
000011010
001101110
001101010
001010001
001000011
000000011
000010011
100111001
000011001
011100000
010110000
011000000
011100000
001100110
001111001
001110101
010011010
011100000
001100110
010100001
001101010
001111001
001000110
011100000
001100100
001010001
001000100
010110001
011010000
011100000
001100011
001111001
010110110
011000001
100111011
000010100
100111010
000010101
011100000
001100101
000000101
000010101
001100001
001001100
110111010
011100000
001100111
001000110
010110111
011000000
011100000
001100111
001111001
001000110
001000111
010110110
011000010
011100000
001100001
010100110
001100001
010111000
011000111
011100000
001101001
001100001
010111110
011000101
000001110
000010111
011100000
001101110
001100001
001001110
011100000
001100111
010011101
001111001
010000110
001000011
011100000
001100110
001111001
001110101
010011010
011100000
001100110
010100001
001101010
001111001
001000110
011100000
001100011
010110000
011000011
011010100
011100000
001101000
010110000
011000010
011010100
011100000
001101101
010100111
001001101
011100000
001101001
001100001
001110111
010111101
011010110
000110011
000101000
011100000
001101000
001100001
001001000
010111000
011000010
011100000
001000011
000110011
000101000
011100000
001101000
001100001
001001000
010111000
011000010
011100000
001101001
001100001
001001100
000101000
011100000
001101000
001100001
001001000
010111000
011000010
011100000
011110000
