100110100
000010000
000011110
100110101
000010001
100110110
000010010
000010111
100111101
000010100
100111110
000010101
100111111
000010110
100110111
000011000
100111001
000011001
011100000
010110000
011000000
011100000
001100111
001010010
010000110
001000011
010011010
011100000
001101010
010100111
001100011
001001100
000101000
011100000
001101000
001100001
001001000
011100000
001100110
001111001
001110101
010011010
011100000
001100110
010100001
001101010
001111001
001000110
011100000
001100100
001010001
001000100
010110000
011010000
011000001
011100000
000001110
000010111
001101110
001100001
001001110
011100000
001100111
001010010
010000110
001000011
010011010
011100000
001101010
010100111
001100011
001001100
000101000
011100000
001101000
001100001
001001000
011100000
001100110
001111001
001110101
010011010
011100000
001100110
010100001
001101010
001111001
001000110
011100000
000001110
001101011
010110000
011010001
011000010
011100000
001101001
001100001
010111000
011000011
011100000
010000110
001000011
010011010
011100000
001101010
010100111
001100011
001001100
000101000
011100000
001101000
001100001
001001000
011100000
001100110
001111001
001110101
010011010
011100000
001100110
010100001
001101010
001111001
001000110
011100000
010110000
011000010
011100000
011110000
